Img = [
139 133 112 126 129 129 129 115 120 111 132 121 126 118 137 134 129 143 140 121 124 120 126 126 129 111 103 147 134 140 115 117 163 128 137 129 127 136 139 119 151 118 138 146 139 133 130 91 120 126 128 139 136 121 121 113 133 138 133 128 118 113 129 125 110 135 130 130 118 152 135 123 146 107 124 137 130 119 130 135 137 119 131 135 147 134 130 116 123 127 109 144 135 138 141 119 138 124 148 142 141 149 141 135 131 110 112 133 135 132 120 137 
121 112 125 128 127 123 131 120 105 109 122 117 114 105 123 132 126 115 126 127 126 134 114 139 135 129 132 137 126 145 120 110 145 119 115 119 128 122 138 118 145 125 122 134 135 123 136 128 118 116 126 108 119 127 143 129 125 121 131 131 119 131 116 114 131 124 112 109 126 135 141 124 101 108 121 139 140 136 126 135 139 117 141 136 133 128 113 122 134 135 110 129 130 127 134 118 115 129 125 125 122 118 118 125 134 123 122 126 122 130 131 127 
126 137 127 142 138 119 129 124 125 135 134 141 89 125 125 122 125 129 132 132 132 114 126 137 124 120 117 127 125 123 123 114 140 130 118 146 136 115 123 124 131 134 123 132 133 141 109 117 113 125 118 125 110 116 121 136 145 116 123 128 129 131 127 118 130 126 131 129 122 146 116 120 104 135 134 150 147 119 112 135 122 127 132 120 140 139 118 119 138 125 113 111 134 132 120 104 131 141 133 111 117 131 136 126 126 136 135 114 101 123 138 148 
145 145 136 120 144 115 135 126 148 133 123 120 100 119 120 126 121 114 134 144 139 115 110 115 140 133 139 131 131 128 132 134 143 123 112 134 118 126 128 128 132 118 117 132 129 135 129 115 119 107 125 125 111 129 123 125 138 116 113 138 121 123 142 112 133 135 121 128 132 145 119 117 115 119 128 141 118 127 115 148 128 89 144 132 141 136 121 130 129 124 123 133 116 123 130 113 121 142 133 130 143 136 120 132 136 135 125 111 117 108 133 140 
147 146 155 150 135 127 138 110 137 112 130 138 137 118 134 129 116 113 125 121 122 132 123 126 145 111 139 130 150 120 113 121 139 136 113 138 125 119 139 119 139 126 128 123 126 112 113 102 94 120 125 121 131 116 118 134 131 141 126 134 124 139 108 119 136 138 137 120 133 140 138 129 110 130 134 125 141 115 115 134 112 128 140 111 157 141 131 121 132 128 130 131 132 123 132 132 144 124 130 131 116 138 130 124 127 131 137 135 126 125 132 132 
132 120 137 136 137 128 146 128 112 131 121 134 122 120 136 133 133 136 120 109 142 125 130 138 154 124 127 129 132 129 131 134 132 133 93 140 133 117 133 136 133 119 135 130 120 124 132 123 126 132 121 129 122 108 134 123 131 119 121 134 126 100 126 111 125 142 123 119 132 135 131 112 115 112 107 148 131 131 123 134 112 123 133 124 128 104 136 108 130 128 123 149 126 133 118 128 141 147 135 129 125 130 148 133 140 137 148 135 116 121 128 145 
130 136 131 140 145 125 136 128 130 122 123 135 123 119 138 135 135 130 150 122 138 140 128 117 134 132 149 142 122 127 109 119 142 117 111 113 131 135 136 112 123 127 143 123 130 105 121 111 108 135 128 138 129 120 135 129 121 119 122 118 135 139 129 115 125 120 147 125 139 132 135 109 119 129 115 138 125 129 120 120 132 131 133 110 144 133 126 135 120 129 123 144 137 126 156 126 117 135 130 120 134 133 144 126 138 123 123 127 126 133 130 117 
140 151 135 133 134 135 121 117 125 114 128 138 128 115 136 126 123 135 133 131 145 128 141 124 155 130 120 138 138 129 105 122 136 131 120 129 141 129 140 120 118 141 138 133 122 136 117 107 107 114 118 124 132 126 119 137 127 98 129 130 135 134 125 120 134 122 122 110 131 130 143 142 135 115 117 135 126 104 141 128 141 111 125 146 128 130 124 114 137 127 127 139 129 119 137 112 116 137 148 128 130 134 155 136 137 124 138 144 114 138 122 128 
137 141 151 141 133 134 134 118 139 118 128 128 124 118 139 131 122 126 119 146 132 122 131 140 145 128 122 135 108 122 114 117 130 134 125 131 122 114 118 124 116 133 123 131 115 134 124 101 127 132 124 123 114 127 132 127 131 123 120 105 110 123 120 117 124 116 138 120 125 144 114 127 101 99 129 152 121 121 111 128 128 145 141 138 139 132 103 111 132 127 131 132 125 139 131 119 112 138 139 116 129 126 145 121 152 133 102 122 123 108 137 143 
130 149 135 131 142 135 143 106 129 129 145 128 112 123 127 134 116 134 143 132 130 123 145 138 135 139 136 133 131 121 120 124 143 115 135 125 116 131 138 125 101 129 126 118 132 137 111 113 110 126 124 110 118 122 112 118 126 120 132 120 117 119 130 116 146 126 134 111 120 137 115 153 128 130 141 104 116 122 148 128 131 123 135 120 121 115 113 117 134 128 129 158 137 121 127 113 132 136 123 131 123 145 137 137 121 130 148 132 127 129 135 135 
144 119 136 138 140 137 121 123 150 139 145 126 122 119 127 121 108 148 122 136 137 128 133 136 142 118 131 125 133 139 130 133 144 131 143 131 126 99 138 128 139 119 115 119 142 117 113 116 110 114 115 123 124 134 136 136 135 125 126 122 118 134 131 111 121 129 119 110 105 154 144 126 121 123 143 144 137 131 124 146 134 124 131 109 138 119 134 124 135 119 136 133 127 132 141 136 123 143 132 132 121 138 130 133 133 127 116 129 125 142 139 155 
136 148 136 138 122 117 143 107 133 137 120 135 133 114 134 129 123 139 150 125 140 133 127 130 150 134 120 136 126 120 128 123 141 122 122 128 126 117 114 121 143 147 138 129 127 107 131 117 124 116 112 132 127 128 131 124 134 117 139 131 116 120 103 120 125 131 116 124 116 145 152 125 120 116 128 138 144 122 131 132 135 132 146 122 142 123 128 123 140 123 132 139 132 133 138 117 115 147 130 133 116 116 116 143 134 130 114 136 134 134 135 152 
139 127 146 130 144 128 144 121 121 126 141 139 110 126 121 139 115 125 133 141 136 135 133 129 146 121 106 127 126 132 134 119 135 112 116 123 121 123 136 133 134 138 128 101 132 136 121 139 135 141 131 145 134 120 134 131 124 127 144 126 130 138 124 114 129 132 134 127 108 126 133 124 126 110 149 148 144 131 137 124 106 128 129 135 153 134 113 123 124 148 148 145 144 132 145 129 116 137 124 139 144 122 141 126 136 119 127 145 161 120 130 153 
138 125 134 134 133 127 129 116 139 109 128 132 121 129 135 123 135 143 139 123 132 124 132 137 133 143 131 113 131 126 142 134 144 113 130 113 123 119 147 124 142 139 137 126 138 136 126 99 102 117 136 131 133 119 133 142 113 132 130 116 113 123 123 108 125 110 123 119 129 132 115 124 134 116 145 123 123 131 129 120 137 128 119 128 153 134 125 127 124 129 119 130 132 127 122 132 118 146 140 136 131 136 141 122 135 123 149 122 116 144 129 146 
121 144 136 133 150 119 136 135 124 120 139 144 136 115 113 135 104 131 134 105 142 133 139 123 136 125 140 135 124 132 103 121 155 120 136 133 138 134 130 122 143 125 141 124 128 130 133 113 109 123 119 114 114 101 131 127 119 123 139 134 123 133 110 118 123 130 122 131 135 143 118 122 121 128 128 136 136 132 132 129 132 124 143 132 132 132 119 123 135 118 124 136 129 109 139 118 133 142 126 130 134 134 129 129 110 132 114 124 134 107 130 129 
141 133 142 139 141 120 144 114 138 138 135 105 140 111 149 133 128 128 128 128 129 141 134 130 156 126 117 115 116 121 129 114 155 142 131 122 125 135 137 125 131 132 136 122 135 131 120 127 135 119 116 133 126 105 112 144 150 130 129 103 136 114 128 128 130 129 119 126 124 128 131 124 117 123 126 147 147 105 139 130 127 130 129 117 140 145 124 129 128 132 129 104 147 116 141 125 128 144 149 112 119 137 131 129 118 141 124 125 137 139 131 122 
149 145 142 130 126 111 152 115 146 137 147 131 133 124 132 124 129 113 135 136 142 137 139 120 138 113 122 132 127 126 110 128 125 122 144 120 132 120 137 118 133 141 131 123 128 124 136 105 113 125 121 128 140 125 140 141 125 123 129 133 128 129 127 115 132 142 133 113 124 135 128 127 121 110 123 147 128 136 123 134 136 111 136 129 150 138 127 113 137 131 113 129 119 123 131 106 126 128 126 133 143 137 126 131 120 131 131 136 143 134 132 134 
