Img = [
135 141 129 131 140 138 127 140 141 143 116 130 136 141 129 132 131 133 126 140 139 119 131 135 142 122 119 130 128 137 126 142 131 144 137 130 155 132 148 137 132 117 131 139 137 133 122 124 138 132 128 138 127 128 131 135 135 131 145 136 132 127 132 126 118 144 130 126 146 141 133 142 131 138 144 128 134 156 131 136 133 140 121 140 132 141 134 118 128 134 122 140 117 143 129 140 145 138 124 128 136 133 132 124 138 150 127 122 124 134 130 149 
132 101 105 132 131 120 120 141 113 125 118 115 111 112 106 111 102 109 123 115 118 106 105 117 114 118 103 117 119 114 114 121 109 134 116 115 128 117 118 120 115 126 120 134 125 110 103 120 131 138 122 123 128 120 100 111 129 119 131 119 116 130 113 122 122 115 125 139 109 110 123 123 119 130 115 133 114 112 128 109 122 124 126 137 114 118 131 125 119 119 121 133 117 118 98 126 138 112 110 121 130 139 114 113 113 133 106 118 124 126 106 127 
120 128 130 125 127 123 107 121 112 134 121 133 122 122 115 121 117 124 118 124 116 126 112 119 119 112 116 113 127 134 115 112 117 119 115 127 131 118 138 139 128 102 113 129 122 126 107 131 122 123 111 125 125 127 133 111 113 119 116 120 111 137 130 131 123 127 126 123 131 122 139 127 136 131 120 137 134 132 117 109 119 118 120 121 124 121 125 116 115 125 121 132 122 136 114 119 130 136 114 119 129 138 109 117 116 122 129 110 123 130 126 132 
138 128 125 128 127 120 115 136 118 142 136 122 123 136 120 127 107 127 129 129 123 103 124 133 118 121 130 114 121 131 119 137 131 134 132 126 127 119 128 129 123 120 127 144 130 124 121 141 118 126 118 128 118 139 131 116 115 134 124 130 133 120 120 132 123 132 112 129 137 127 130 121 130 134 116 130 129 136 126 110 115 135 117 131 135 132 139 129 116 122 116 129 127 131 109 128 124 128 122 123 138 129 137 120 119 126 114 120 131 125 130 135 
132 130 103 122 146 133 129 133 103 126 130 114 110 130 123 126 115 116 122 133 109 122 116 119 123 113 119 122 125 134 125 128 121 126 122 132 123 102 116 123 124 111 133 119 109 120 132 143 130 128 115 130 119 106 117 122 124 116 126 133 128 140 128 138 123 118 120 128 136 128 127 119 128 117 121 140 129 131 120 134 123 123 121 125 122 132 121 130 126 111 109 136 124 126 115 127 124 119 122 133 132 129 128 114 119 141 117 129 133 122 137 127 
112 118 123 115 126 123 121 123 108 129 125 124 109 114 132 132 128 115 109 131 122 116 116 135 119 107 102 112 122 122 132 122 102 122 130 118 127 113 129 127 121 122 123 133 130 113 128 119 135 121 111 130 119 115 126 124 119 117 119 105 135 122 112 135 115 113 113 115 126 107 129 115 127 123 117 116 118 116 110 121 118 115 121 138 113 119 118 121 114 122 117 119 110 111 112 131 126 103 110 126 120 117 115 107 124 129 115 112 120 128 126 121 
125 128 121 128 132 124 129 130 122 124 121 138 127 141 122 128 118 127 119 131 125 133 115 135 124 112 121 105 124 128 129 117 121 134 139 143 129 127 130 133 123 119 113 133 127 133 116 122 141 127 127 122 120 136 130 133 125 119 115 125 132 117 129 131 131 127 117 129 122 118 123 108 114 130 135 126 141 126 125 120 139 122 135 135 120 124 135 120 117 125 128 121 117 134 123 128 120 116 117 128 121 127 121 101 123 129 111 127 122 131 122 123 
131 130 138 123 137 127 125 124 112 137 132 131 122 131 119 121 119 129 121 120 124 116 126 120 129 128 110 121 123 118 105 116 121 134 133 139 133 130 131 119 136 143 130 139 129 130 117 122 134 129 121 127 139 139 137 120 135 129 120 131 119 141 120 131 125 131 127 146 126 128 136 125 145 133 129 128 135 137 110 131 144 132 125 139 122 110 140 119 116 121 116 129 122 121 124 125 132 121 120 121 136 135 115 115 118 134 110 119 126 125 118 135 
133 120 129 123 127 132 113 117 113 122 120 127 132 143 129 121 130 130 121 132 128 123 115 133 121 120 125 125 117 108 128 127 122 137 133 138 124 129 143 134 135 119 138 144 133 128 120 130 141 125 121 123 121 135 119 125 130 126 124 122 124 137 122 121 123 131 134 132 136 133 124 128 142 134 136 130 125 115 128 128 119 135 127 129 135 142 135 117 132 125 116 133 119 131 120 122 132 123 132 137 127 125 132 116 123 133 115 127 123 138 116 148 
109 128 130 120 133 122 125 124 118 134 132 115 110 114 122 107 107 113 119 128 128 122 115 123 111 116 110 109 117 133 120 126 120 122 135 126 121 116 114 123 112 128 133 148 141 119 113 136 127 121 110 112 130 117 117 121 108 112 120 129 126 122 123 124 107 130 124 147 126 124 131 120 126 128 131 113 124 124 118 118 124 120 115 140 123 123 125 121 116 122 112 112 123 116 115 121 129 121 128 138 122 137 123 120 116 117 128 113 117 124 124 132 
127 124 127 111 130 124 121 121 119 118 120 131 130 133 121 126 114 117 133 126 131 126 114 112 111 124 124 111 133 123 116 133 126 139 136 126 125 125 122 126 125 114 135 144 133 129 127 140 140 127 126 135 131 130 119 115 136 117 121 133 118 139 124 139 114 130 136 130 123 121 123 129 128 111 122 133 117 125 121 113 122 122 132 145 133 128 137 110 121 114 134 123 103 136 110 119 123 126 113 143 117 130 126 119 108 121 115 129 131 122 123 135 
128 131 130 121 131 124 118 128 121 133 135 127 129 133 113 131 119 134 131 131 118 124 126 128 119 124 130 127 113 126 127 128 110 124 134 141 136 128 139 139 118 112 141 137 126 132 126 128 128 122 120 124 139 138 125 135 120 118 124 116 125 136 135 123 118 122 131 123 129 128 136 121 121 126 131 124 120 131 111 128 129 119 122 129 121 132 130 120 128 133 119 135 122 124 115 134 128 124 119 137 128 128 131 123 117 135 121 123 114 116 127 130 
132 131 119 120 132 126 121 133 118 135 130 120 113 126 120 123 127 120 123 132 135 117 110 126 125 121 120 107 115 135 114 125 121 128 122 136 126 122 125 131 123 125 131 140 121 129 118 133 124 133 129 131 125 144 132 136 128 129 135 125 140 137 121 113 122 112 126 123 136 120 130 135 132 145 130 136 124 123 127 126 132 126 116 124 116 142 135 109 125 113 120 129 121 121 118 121 134 143 128 124 133 145 127 132 120 148 115 122 131 127 135 135 
121 129 125 115 137 129 107 119 114 125 128 123 119 124 114 117 121 119 113 132 118 130 123 128 115 107 111 114 106 118 127 120 127 126 141 124 140 138 120 130 136 128 130 138 121 110 124 123 116 126 121 126 131 139 113 117 106 117 122 120 130 129 126 123 129 127 120 117 122 128 121 122 123 134 122 120 127 127 120 114 129 127 128 132 125 129 121 107 128 120 117 131 100 119 107 126 128 119 107 134 126 127 119 119 120 124 113 107 110 135 117 121 
119 127 134 122 124 114 128 130 123 130 128 117 122 134 127 108 132 117 122 125 119 124 124 126 130 133 106 118 123 122 106 128 127 121 116 120 128 124 138 122 136 125 144 138 123 122 119 126 133 124 119 111 113 140 119 127 120 132 128 130 119 134 124 134 111 140 130 130 133 129 136 120 126 132 126 139 127 137 118 130 121 118 125 139 127 129 120 109 121 111 124 134 116 128 129 121 131 132 111 123 128 138 133 131 113 119 114 122 118 126 124 140 
127 124 136 129 134 128 122 127 120 128 120 113 118 122 127 139 123 120 136 129 129 128 124 121 117 120 126 125 110 143 118 118 113 131 128 137 123 128 132 129 125 128 137 138 132 122 118 138 126 119 124 130 129 140 116 108 123 126 131 127 120 141 108 129 121 135 136 130 124 133 123 126 111 123 128 129 127 138 115 118 119 124 142 128 121 127 130 113 122 121 118 125 112 136 134 119 131 124 111 133 122 132 126 115 119 121 138 121 126 129 138 132 
132 121 130 139 138 140 111 132 113 123 123 139 137 135 128 131 122 121 122 132 123 133 125 125 119 129 116 114 136 137 132 129 121 140 144 122 127 133 132 131 125 126 137 125 142 136 119 136 129 126 116 134 127 132 127 130 134 118 133 144 133 129 141 128 116 136 124 135 133 125 145 139 117 130 127 135 128 123 131 133 130 132 117 118 134 138 129 116 117 108 133 131 121 123 124 113 116 112 111 132 128 137 118 111 127 134 130 140 123 122 130 136 
