Img = [
167 160 140 154 158 158 158 145 150 141 160 151 155 147 165 163 158 170 170 150 152 149 155 153 157 140 131 175 162 168 144 146 192 152 165 157 155 163 166 149 175 146 165 172 167 161 157 119 148 156 156 166 163 149 148 141 160 164 161 155 145 141 156 152 138 162 156 155 145 178 161 150 172 133 150 163 155 145 156 161 163 144 158 161 173 158 156 141 149 152 134 170 161 163 167 144 162 149 173 167 165 172 165 157 155 136 137 156 160 155 144 159 
119 111 125 128 129 125 133 122 106 113 125 119 116 107 126 134 129 119 131 130 127 137 118 143 136 132 134 140 128 148 124 113 147 121 116 122 131 123 140 121 147 127 124 136 137 127 139 127 120 119 128 111 123 129 144 132 129 123 133 133 120 134 117 116 133 126 114 110 129 135 143 126 103 111 123 140 140 138 129 136 141 119 142 138 133 129 114 124 134 136 111 131 132 129 135 121 116 130 130 126 123 120 120 126 136 124 124 127 124 130 131 128 
123 135 127 143 137 120 131 126 127 137 136 143 91 127 127 124 123 129 133 134 134 116 128 138 126 121 120 128 127 124 124 115 142 132 120 145 137 116 127 126 131 136 124 132 134 144 112 121 114 129 121 128 113 120 123 138 146 117 124 133 132 133 128 119 131 127 132 131 124 149 117 121 104 137 135 151 148 120 113 135 123 128 133 121 140 140 118 120 140 127 114 111 133 135 122 105 132 142 134 110 117 131 136 127 127 137 135 114 102 124 138 145 
142 143 133 118 142 114 136 127 149 135 123 119 103 119 122 127 122 114 135 144 140 116 111 116 144 134 139 132 131 129 132 135 142 122 113 136 119 126 129 128 133 121 120 134 132 140 134 119 123 112 129 130 118 134 127 125 143 118 113 138 121 123 142 112 134 134 124 128 133 146 121 118 116 119 129 142 120 127 115 149 127 89 145 132 142 135 122 130 129 124 120 133 118 122 131 110 122 143 134 130 143 135 123 132 136 136 126 111 117 108 134 137 
144 143 151 148 130 125 139 109 137 111 130 138 138 118 137 129 116 113 124 122 122 132 126 126 146 110 140 131 151 121 113 121 138 136 114 140 124 120 138 119 140 127 132 127 131 116 118 107 100 126 132 125 136 121 123 138 132 141 126 136 125 139 108 119 134 135 136 120 131 141 139 129 110 127 134 125 141 114 114 134 111 126 140 110 154 142 127 120 131 128 130 131 132 124 131 132 144 123 130 131 115 136 131 124 127 131 137 135 125 123 132 129 
126 118 133 133 134 125 145 127 109 131 121 134 121 120 135 133 134 135 119 109 142 124 129 138 154 124 127 129 129 127 130 133 134 135 95 141 134 116 133 136 135 122 138 134 124 129 134 130 133 138 125 133 129 114 142 129 133 119 123 135 127 103 125 110 124 141 123 118 129 135 129 110 114 111 106 147 131 130 123 133 111 123 132 121 123 104 135 107 130 125 121 148 124 132 115 128 143 146 133 126 123 128 148 132 137 133 147 134 114 119 127 141 
124 132 124 135 139 122 135 128 129 119 122 136 121 119 137 134 134 129 150 121 138 138 127 116 132 130 147 141 123 123 109 119 144 121 114 116 133 136 136 113 126 131 143 126 134 110 127 118 113 139 132 139 129 123 141 136 127 122 124 120 136 139 127 114 123 117 143 123 138 131 134 108 117 128 114 137 124 127 116 118 130 131 132 108 142 131 124 134 117 124 120 142 136 125 151 126 115 132 128 118 132 131 142 125 135 122 120 124 122 132 128 116 
135 146 130 129 130 131 118 116 124 111 127 136 124 114 134 121 122 134 132 128 144 128 138 123 154 129 119 135 136 128 106 125 141 136 126 131 143 133 143 124 120 147 144 138 128 144 124 114 112 121 122 123 133 131 123 142 132 102 132 135 138 139 124 118 131 120 121 109 130 129 141 140 133 113 116 133 125 102 139 126 139 109 124 144 126 129 121 112 135 125 125 136 127 116 135 109 115 136 146 126 127 130 153 135 133 122 136 143 111 134 120 124 
132 137 145 136 129 127 132 117 136 116 127 127 122 117 138 128 121 125 116 145 132 120 129 138 144 126 122 134 109 126 117 118 134 139 128 133 124 118 121 129 121 139 127 134 120 143 133 108 133 140 130 126 117 129 134 130 136 129 125 111 114 128 122 120 118 114 138 119 125 143 113 125 99 98 130 149 118 119 109 126 126 142 140 138 136 131 101 109 130 125 129 132 123 138 127 117 111 134 136 114 129 122 142 119 150 130 100 115 121 106 136 140 
123 144 130 127 137 130 139 105 128 127 143 126 111 121 125 131 115 132 141 130 128 122 143 136 135 136 135 130 131 121 121 128 145 119 135 127 121 135 144 130 105 136 132 123 137 144 118 120 116 130 129 113 121 122 111 120 128 121 136 123 122 123 132 117 144 125 133 111 119 133 113 150 125 128 139 103 114 120 145 126 128 122 133 118 118 112 110 114 131 125 128 154 133 118 124 110 129 134 122 129 120 142 134 138 119 125 147 129 123 127 132 132 
138 113 131 133 135 132 116 122 148 137 142 123 118 118 124 119 106 147 119 133 135 126 130 133 139 116 130 126 135 139 131 134 145 133 143 133 131 103 145 134 142 122 121 122 147 124 118 122 115 119 117 124 127 132 135 138 135 127 129 123 121 136 131 113 118 130 119 108 103 151 142 123 118 120 144 144 135 129 121 143 130 121 128 107 136 117 131 121 132 116 135 130 123 129 138 133 120 138 129 130 118 134 127 130 130 124 113 126 121 139 136 150 
130 143 130 134 117 113 138 103 131 135 118 130 130 115 132 127 121 136 149 122 138 131 125 128 147 132 121 137 127 122 129 129 144 126 126 132 132 121 120 121 138 148 141 130 133 115 137 120 129 120 115 134 128 127 133 124 135 117 138 129 115 120 102 121 130 133 117 124 114 144 151 123 119 113 125 136 142 121 128 129 132 129 144 123 140 121 126 121 137 120 132 136 130 129 134 114 112 145 126 131 115 113 113 141 131 127 113 133 131 132 129 149 
135 123 143 124 139 122 140 117 120 123 141 138 105 123 119 138 112 123 131 139 133 133 131 127 145 121 105 127 127 134 137 119 139 117 119 128 127 128 140 132 131 136 129 105 137 140 122 138 135 141 133 148 135 122 134 131 124 126 142 125 127 138 124 116 126 131 137 127 109 126 134 124 125 110 146 145 142 131 135 122 105 128 126 134 151 132 111 120 121 145 146 143 143 130 142 126 114 135 121 138 141 119 137 124 133 119 125 144 158 118 127 150 
132 119 129 129 127 122 123 113 136 107 128 130 119 127 133 121 133 141 137 121 129 122 129 136 131 142 135 115 135 129 143 138 147 115 132 115 124 120 148 122 142 140 139 127 140 134 124 98 99 116 136 132 135 120 133 142 111 130 130 116 112 124 124 109 125 112 124 119 131 133 116 127 136 115 143 121 120 128 126 118 136 126 117 126 149 130 122 124 122 126 116 126 130 124 119 130 116 146 138 134 129 134 139 119 132 120 145 119 113 142 126 143 
115 137 131 128 145 114 129 131 122 118 139 141 132 113 108 133 105 129 131 104 139 130 136 121 134 126 144 138 128 136 104 124 158 121 135 133 138 133 131 125 145 126 141 124 128 130 131 112 108 122 123 116 115 103 135 127 119 122 137 131 121 135 111 120 123 133 124 131 136 143 118 127 125 130 126 135 133 130 129 127 129 121 140 128 129 129 117 121 130 114 120 133 124 107 136 115 129 139 124 128 131 132 126 127 107 129 111 120 130 103 126 123 
136 128 137 133 136 115 139 110 135 136 133 103 138 108 147 131 125 125 126 125 126 137 131 128 156 125 119 119 120 125 132 116 158 141 131 122 123 135 140 128 131 132 137 123 134 134 120 128 138 120 117 134 128 107 114 147 150 131 125 100 132 112 127 129 128 130 120 127 126 130 132 125 121 124 126 145 145 102 135 128 123 127 127 116 136 144 122 128 126 129 127 101 143 112 139 119 124 140 146 109 118 133 127 126 116 139 121 123 133 137 128 119 
143 139 137 125 122 107 147 110 143 133 145 128 134 122 130 121 127 111 135 133 140 134 138 119 140 117 126 137 132 131 113 130 124 121 143 123 132 122 143 120 134 142 131 123 127 125 139 108 115 126 122 130 143 128 141 144 125 123 126 130 128 127 127 115 131 141 133 115 125 136 127 127 124 115 122 145 126 134 120 130 132 109 133 126 147 136 124 108 135 127 111 125 116 120 128 104 123 123 124 130 140 134 123 128 117 128 128 132 142 132 130 131 
