Img = [
142 146 136 138 146 146 133 147 146 150 124 136 144 148 136 139 137 140 133 147 145 127 138 142 148 128 126 138 135 146 133 148 136 151 146 136 162 138 154 141 139 123 138 146 142 138 129 133 143 136 134 143 134 134 138 142 141 136 152 140 139 134 137 132 124 151 137 134 153 148 141 149 139 144 151 133 140 161 138 143 140 147 128 146 139 145 140 124 136 139 129 147 124 150 135 145 152 142 133 135 142 139 140 132 144 158 135 130 130 140 136 157 
140 107 113 140 138 128 129 146 121 133 125 124 119 120 114 118 110 116 129 122 127 115 112 125 121 126 110 123 127 120 122 129 116 140 125 122 135 124 125 128 122 134 128 141 133 117 109 129 138 144 130 130 135 127 107 119 135 125 137 127 124 138 120 128 129 123 132 147 117 117 131 129 126 135 122 139 121 119 135 115 127 131 133 143 118 126 138 131 125 126 128 138 123 125 106 133 146 118 117 128 137 147 121 120 118 140 114 124 130 133 112 135 
128 136 140 131 135 131 116 129 120 143 130 141 131 130 123 129 126 133 127 132 122 134 120 128 127 120 122 120 136 144 125 120 125 127 122 135 139 126 145 146 135 111 121 137 130 135 114 139 132 130 117 132 132 134 140 118 121 126 122 128 119 144 137 138 133 134 132 128 137 129 146 132 143 138 129 144 140 137 122 116 126 125 129 128 133 130 133 123 121 132 129 140 129 139 117 126 137 143 120 128 136 145 117 124 124 129 136 121 131 137 132 140 
146 136 133 135 136 129 123 145 127 150 144 131 131 144 129 136 115 135 138 138 129 112 132 140 129 129 138 122 129 139 127 145 140 141 140 134 134 127 136 138 131 128 135 151 137 132 129 148 126 134 125 135 126 146 139 123 121 142 132 137 140 127 127 139 130 139 118 136 144 134 137 129 137 142 123 137 139 143 134 118 125 141 125 138 142 139 146 136 122 129 122 136 134 138 116 134 131 135 129 130 144 138 144 127 126 133 121 127 140 133 137 143 
139 137 110 131 154 141 138 141 112 135 137 122 118 138 131 133 124 124 130 141 116 131 124 127 133 121 127 129 133 140 133 136 129 130 130 139 131 107 123 131 133 120 142 124 116 127 140 148 136 135 122 137 127 112 125 130 132 124 133 140 135 147 135 145 129 124 128 135 143 136 134 126 134 122 129 148 137 137 126 141 130 130 128 133 129 139 128 137 134 120 116 143 130 133 122 133 132 127 129 140 137 136 134 120 126 148 123 137 140 129 142 135 
120 125 132 123 131 130 129 131 113 138 134 130 117 122 139 140 136 123 117 139 130 123 124 141 127 115 110 120 129 131 139 129 110 130 138 125 135 121 136 135 129 128 131 140 137 122 135 128 142 129 119 136 127 123 134 131 128 124 127 112 142 129 120 142 122 121 120 120 134 114 137 121 134 129 124 123 126 123 116 129 126 123 130 145 119 126 125 128 121 129 124 126 116 118 118 139 134 111 117 131 126 124 123 114 132 136 121 119 129 135 132 130 
133 136 128 136 140 132 134 138 130 132 129 145 135 149 132 136 126 135 127 138 132 141 123 143 131 120 129 112 131 135 136 125 128 142 147 150 136 134 137 140 130 128 120 141 133 141 123 130 149 135 134 132 127 144 138 141 133 126 121 133 138 126 135 137 139 136 124 137 130 125 130 114 122 137 144 135 149 132 132 127 146 129 142 143 128 131 143 127 124 132 135 127 125 141 132 135 129 123 125 135 130 135 128 108 130 135 120 135 130 137 130 131 
138 138 143 128 144 135 133 132 119 144 139 138 130 139 127 129 127 137 129 128 132 123 133 126 137 136 118 128 130 125 112 124 128 140 140 146 139 136 140 127 142 149 137 146 136 137 127 130 141 136 128 134 146 146 144 127 141 136 127 139 126 148 128 137 132 137 135 153 132 135 143 133 152 139 137 136 140 144 117 139 151 137 132 145 128 116 146 126 124 127 122 134 129 128 129 132 138 127 127 128 142 142 123 122 125 141 116 126 134 132 126 143 
139 127 136 131 133 140 120 126 120 130 124 134 138 151 137 128 136 136 130 139 134 131 122 138 129 127 134 131 124 116 135 135 130 144 142 144 131 134 150 142 141 125 147 151 140 134 127 138 146 132 128 129 128 142 124 130 138 132 131 129 131 143 129 130 129 136 140 137 142 140 131 134 148 141 142 136 132 122 134 134 126 141 133 136 142 147 141 123 139 131 123 140 125 136 126 131 138 130 140 145 133 132 138 122 130 140 122 133 130 144 123 154 
115 134 137 127 139 129 134 132 125 142 139 123 118 121 129 114 115 120 126 135 135 128 122 128 118 123 119 115 123 139 126 134 127 128 142 132 127 121 121 131 118 135 139 154 148 126 119 142 133 126 117 118 137 124 122 128 116 117 127 136 131 128 131 130 112 136 131 152 132 129 136 127 133 135 138 120 132 130 124 123 131 125 121 147 129 127 130 127 122 128 118 118 129 122 122 128 136 128 134 144 130 144 130 128 122 124 133 119 123 131 130 139 
134 131 134 118 136 134 129 127 125 125 127 137 137 139 128 133 121 121 140 135 137 132 120 119 117 131 131 117 141 129 123 138 133 145 142 133 131 132 130 132 132 119 142 150 139 135 134 146 146 134 133 141 137 136 124 122 141 125 128 138 124 145 131 145 119 136 140 136 130 128 130 137 135 118 128 139 123 132 128 118 130 128 137 153 140 135 142 115 128 120 141 129 109 143 116 125 130 133 121 150 122 138 132 125 114 129 121 138 138 131 129 144 
134 138 137 127 138 132 124 135 128 140 142 134 136 139 119 138 126 141 138 137 126 131 133 134 127 131 136 134 120 132 130 133 116 131 141 148 142 134 144 148 124 118 147 144 133 138 132 135 134 129 127 130 145 145 132 141 126 124 131 122 132 142 141 129 124 127 138 129 135 134 141 127 129 133 137 130 129 137 116 134 134 126 128 134 128 137 136 126 134 143 126 142 127 130 121 141 135 131 126 142 134 134 138 129 124 141 128 131 120 122 133 139 
135 135 124 127 138 132 127 139 124 142 137 126 119 132 126 129 134 126 128 140 140 123 116 131 131 128 126 113 120 141 119 132 127 134 128 143 132 127 130 137 129 131 137 145 127 137 124 139 129 139 135 136 131 150 138 142 133 136 140 133 146 143 127 119 129 117 132 129 142 126 136 138 139 151 136 142 130 129 133 131 137 131 123 130 122 147 141 115 131 119 126 134 128 128 125 127 141 149 135 131 138 151 133 138 127 154 121 130 138 133 141 141 
127 135 131 121 143 136 113 125 119 131 133 129 126 130 120 122 128 125 119 135 124 138 129 133 121 112 117 120 111 124 132 125 133 131 146 129 146 143 126 136 142 133 135 143 127 112 130 129 121 133 127 132 136 145 119 121 112 122 128 126 136 136 132 130 134 132 125 123 128 134 127 128 129 139 128 126 132 133 126 121 135 132 134 139 131 132 127 112 134 126 122 137 106 125 114 132 134 125 113 141 133 133 125 125 126 130 120 112 115 141 123 128 
124 130 138 129 130 120 134 136 130 137 136 120 128 140 132 114 137 122 127 131 123 130 130 132 136 138 112 123 129 128 112 130 132 124 121 126 134 129 143 128 140 130 149 143 130 128 125 131 139 130 126 118 118 144 126 132 126 138 133 136 125 140 129 140 117 146 136 136 137 134 141 126 131 138 132 144 133 143 125 136 127 124 131 144 133 134 127 116 127 118 129 141 121 134 136 127 136 138 116 131 135 143 139 137 118 126 120 128 124 131 131 147 
133 131 142 134 140 133 129 133 126 134 127 119 122 126 133 146 129 126 141 134 136 136 129 126 121 128 131 130 116 148 123 122 118 134 134 144 129 133 138 135 131 133 143 141 137 128 124 146 131 124 130 135 134 146 124 111 130 132 137 134 128 145 113 135 126 142 143 135 130 140 131 130 116 129 133 134 133 146 121 123 125 129 147 133 128 132 135 118 128 127 124 130 118 141 140 125 137 130 118 139 127 138 132 121 125 128 142 128 131 135 144 139 
138 129 137 144 143 145 116 137 119 129 129 145 144 140 134 137 127 126 127 137 128 139 131 131 124 135 121 121 141 143 137 134 128 143 149 129 132 140 137 135 129 131 142 132 147 141 124 141 136 132 123 140 131 138 132 137 140 124 138 150 140 134 145 134 122 144 130 141 138 131 153 145 123 135 133 139 134 127 136 139 136 138 121 123 139 141 133 122 122 113 138 137 126 129 128 119 121 117 117 139 134 145 124 116 129 139 136 144 129 130 136 141 
